ev[000] = -20.55268 
ev[001] = -11.34164 
ev[002] = -11.25289 
ev[003] = -11.24948 
ev[004] = -11.24662 
ev[005] = -11.24419 
ev[006] = -11.24287 
ev[007] = -11.24072 
ev[008] = -11.23845 
ev[009] = -1.39639 
ev[010] = -1.18250 
ev[011] = -1.08362 
ev[012] = -0.98937 
ev[013] = -0.95658 
ev[014] = -0.89730 
ev[015] = -0.78299 
ev[016] = -0.73715 
ev[017] = -0.72218 
ev[018] = -0.67542 
ev[019] = -0.65313 
ev[020] = -0.62670 
ev[021] = -0.60949 
ev[022] = -0.57549 
ev[023] = -0.56060 
ev[024] = -0.54466 
ev[025] = -0.53297 
ev[026] = -0.50466 
ev[027] = -0.48931 
ev[028] = -0.47940 
ev[029] = -0.44190 
ev[030] = -0.38215 
ev[031] = -0.31054 
ev[032] =  0.10739 
ev[033] =  0.15286 
ev[034] =  0.17487 
ev[035] =  0.20561 
ev[036] =  0.21714 
ev[037] =  0.22957 
ev[038] =  0.23028 
ev[039] =  0.24688 
ev[040] =  0.25132 
ev[041] =  0.25753 
ev[042] =  0.29285 
ev[043] =  0.32092 
ev[044] =  0.35248 
ev[045] =  0.38905 
ev[046] =  0.41803 
ev[047] =  0.43527 
ev[048] =  0.44912 
ev[049] =  0.46594 
ev[050] =  0.51877 
ev[051] =  0.52725 
ev[052] =  0.58350 
ev[053] =  0.62136 
ev[054] =  0.63909 
ev[055] =  0.65353 
ev[056] =  0.67695 
ev[057] =  0.69090 
ev[058] =  0.72277 
ev[059] =  0.72701 
ev[060] =  0.73938 
ev[061] =  0.74378 
ev[062] =  0.76344 
ev[063] =  0.78146 
ev[064] =  0.78968 
ev[065] =  0.80393 
ev[066] =  0.81997 
ev[067] =  0.82933 
ev[068] =  0.84821 
ev[069] =  0.86394 
ev[070] =  0.87057 
ev[071] =  0.87994 
ev[072] =  0.88946 
ev[073] =  0.89279 
ev[074] =  0.90944 
ev[075] =  0.91875 
ev[076] =  0.93667 
ev[077] =  0.94180 
ev[078] =  0.94775 
ev[079] =  0.98145 
ev[080] =  1.00368 
ev[081] =  1.02283 
ev[082] =  1.04434 
ev[083] =  1.06451 
ev[084] =  1.10234 
ev[085] =  1.10402 
ev[086] =  1.16258 
ev[087] =  1.20305 
ev[088] =  1.22388 
ev[089] =  1.25028 
ev[090] =  1.26944 
ev[091] =  1.29803 
ev[092] =  1.33164 
ev[093] =  1.35021 
ev[094] =  1.37997 
ev[095] =  1.39202 
ev[096] =  1.44233 
ev[097] =  1.45275 
ev[098] =  1.48871 
ev[099] =  1.52009 
ev[100] =  1.57981 
ev[101] =  1.58644 
ev[102] =  1.59949 
ev[103] =  1.65028 
ev[104] =  1.67839 
ev[105] =  1.69378 
ev[106] =  1.73331 
ev[107] =  1.74760 
ev[108] =  1.75398 
ev[109] =  1.80592 
ev[110] =  1.82052 
ev[111] =  1.84930 
ev[112] =  1.85478 
ev[113] =  1.87141 
ev[114] =  1.88743 
ev[115] =  1.91421 
ev[116] =  1.92604 
ev[117] =  1.93760 
ev[118] =  1.95207 
ev[119] =  1.97146 
ev[120] =  2.00069 
ev[121] =  2.01186 
ev[122] =  2.01728 
ev[123] =  2.03488 
ev[124] =  2.06114 
ev[125] =  2.07043 
ev[126] =  2.08506 
ev[127] =  2.10447 
ev[128] =  2.11162 
ev[129] =  2.12512 
ev[130] =  2.16517 
ev[131] =  2.18329 
ev[132] =  2.20601 
ev[133] =  2.21697 
ev[134] =  2.24501 
ev[135] =  2.25858 
ev[136] =  2.28159 
ev[137] =  2.31017 
ev[138] =  2.34922 
ev[139] =  2.38347 
ev[140] =  2.39252 
ev[141] =  2.42767 
ev[142] =  2.47727 
ev[143] =  2.48907 
ev[144] =  2.52311 
ev[145] =  2.56041 
ev[146] =  2.58342 
ev[147] =  2.62277 
ev[148] =  2.68552 
ev[149] =  2.74175 
ev[150] =  2.76229 
ev[151] =  2.76989 
ev[152] =  2.80276 
ev[153] =  2.82242 
ev[154] =  2.87180 
ev[155] =  2.92188 
ev[156] =  2.94643 
ev[157] =  2.97668 
ev[158] =  3.02249 
ev[159] =  3.07382 
ev[160] =  3.12626 
ev[161] =  3.20432 
ev[162] =  3.53007 
ev[163] =  3.56297 
ev[164] =  3.72224 
ev[165] =  3.89310 
